tam=1024; tempos: 
ijk=15.174893 
ikj=6.526052 
kij=6.523872 
kji=20.573756 
jik=15.186535 
jki=20.586137 
