This processor has 11 counters
Selected PAPI events: PAPI_LD_INS; PAPI_L1_DCM; PAPI_L2_DCM;
tam=1024; tempos: 
ijk=15.348753 
 PAPI_LD_INS=23627824159; PAPI_L1_DCM=1083573378; PAPI_L2_DCM=1067192224;
ikj=6.525274 
 PAPI_LD_INS=23627947615; PAPI_L1_DCM=67362660; PAPI_L2_DCM=3178696;
kij=6.529243 
 PAPI_LD_INS=23628098810; PAPI_L1_DCM=69612237; PAPI_L2_DCM=6317368;
kji=20.569397 
 PAPI_LD_INS=23628006468; PAPI_L1_DCM=2161062616; PAPI_L2_DCM=2148919623;
jik=15.352427 
 PAPI_LD_INS=23628074260; PAPI_L1_DCM=1151627177; PAPI_L2_DCM=1136051366;
jki=20.580739 
 PAPI_LD_INS=23628037494; PAPI_L1_DCM=2163172093; PAPI_L2_DCM=2150802534;
